93730710871
93730800927
93730990911
93731120896
93731370902
93731840912
93732050908
93732180900
93732260913
213669492760
213661808556
213660041280
994512865363
994512958940
994512973830
8801701908328
8801703813214
8801710837400
8801912271743
8801900651645
8801913918745
8801964192536
8801935201675
8801964920333
8801944077083
8801911395624
8801929807396
8801406688181
8801406537945
8801401661462
8801401299656
8801402381176
8801403684527
8801402072988
8801937166286
8801961687483
8801302068567
8801307388349
8801304285475
5016842654
5016862659
5016862668
5016982656
5016982660
5016932663
5016545861
5016546141
5016522666
5016652667
5016692672
5016652671
5016792670
5016742660
5016752654
5017822672
5017762670
5017822667
67077469535
67077469566
67077469748
67073652024
67073407210
67073393828
201101930901
201101950896
201101950903
233260773917
233261600913
233261740906
233268620624
233268620689
233278680690
6283139291536
6283153640288
6283194106137
628174744596
6281936840069
6287792254687
6281703859871
6281936549862
6285961443406
6288122760892
6288123440904
6288123570848
6281705546833
6281700942852
6281705342269
6281703508167
6281703758307
6281717871808
989384552591
989384552899
989384552339
989960435026
989960435823
989960435889
9647713523352
9647727577361
9647738555993
962787543182
962789999087
962789999673
962787760438
962787760555
962787760681
962794660200
962794660267
962795475766
77004852977
77008857834
77070916988
254771214353
254771215374
254771214437
96551613915
96551693923
96551703923
96552350910
96552420911
96552660904
96553010847
96553010849
96553080907
96551178095
96551511257
96551754765
996558910024
996559071764
996997654935
996888003181
996888566218
996888730047
996557948923
996990537193
996998615486
96181620148
96181070157
96181830159
9613960159
9613030160
9613960146
96171410142
96171490145
96171410155
96176630156
96176690147
96176690155
96178800161
96178910155
96178870143
218914231627
218919560694
218919839860
218916076673
218917313850
218919726256
218911260907
218912140905
218912190903
601157509090
601156922552
601156782662
60148372746
60193665211
60199710932
60163619505
601116101054
60169466862
22241153395
22241253350
22241253367
522217754939
526678608121
529618150662
97689347746
97689347880
97689347967
97690563649
97690523655
97690553653
97691720338
97691730348
97691740343
212632353143
212632353506
212632744025
959754020897
959754020906
959751490909
959797670912
959740850901
959797670897
959450959311
959453593903
959454205602
959660795295
959662424251
959662056007
959753909889
959765953151
959786779030
22770859337
22770927873
22770927494
22771060891
22771060896
22771870840
2348091130907
2348091130908
2348091140907
2348090980670
2348093570665
2348094590640
2347022550126
2347024342877
2347023452193
96894721114
96895184826
96895192954
96893318614
96893684404
96899568014
923306966413
923321264315
923352837016
923356629021
923356051467
923351162327
923312209285
923315399035
923312510345
970593850180
970595999575
970596486367
639058100179
639061130177
639094920112
639155373317
639162130116
639173190127
639213491002
639292450117
639292450129
639361613303
639380510995
639386010123
639478280992
639499083526
639499083536
639500280129
639502590116
639562500126
639626143526
639631630116
639671350127
639776060117
639776060122
639752913302
639811740111
639811740113
639811740116
639954023310
639984443540
639954023304
639976201920
639533852207
639066945627
639263394457
639772852203
639978431827
639453320355
639453648046
639453746442
639361699755
639544959624
639976868621
79300246366
79842243948
79961577543
79021140469
79088492102
79300200627
79804525403
79802955832
79805393440
79664822345
79683471099
79696891378
221700623923
221701750903
221703020902
211980115517
211980114531
211980114543
211912940903
211913000908
211913000913
94762565135
94773984142
94775965014
94702344831
94702650899
94702880906
94703070897
94703310901
94703060915
94768504339
94768514338
94768484325
94769630979
94769660969
94769630983
94764113303
94779615663
94763980420
249100853923
249101760903
249102300841
963938423740
963992609120
963996862058
992305612596
992305612602
992305612670
255612563747
255625473672
255629753719
67077021397
67077506059
67077370278
8801981096940
8801981132671
8801981352171
639052896087
639054342352
639055782696
62818207880
6281717290587
6281806282524
923307427426
923315366900
923327968960
21640948267
21640948854
21641610876
447829974541
447829877274
447829922870
447839251297
447839177246
447839208888
447406528989
447406539204
447406532201
447406897729
447406876817
447406887746
447417204060
447417269716
447417203007
447417952257
447417971495
447417978590
447441826014
447441821239
447441863725
447537314542
447537314551
447537314638
447559150357
447559153245
447559146303
447559547468
447559546480
447559548868
447559769429
447559742459
447559749788
447571852701
447571848219
447571850781
447640057899
447640081524
447640008850
447640169525
447640131663
447640150240
447677850951
447677841189
447677869476
447822168903
447822168068
447822168075
380913290858
380913530901
380913770909
380916901356
380913501872
380916988394
380942778176
380944770981
380941671880
998954834548
998954835819
998954838172
998956328891
998956329598
998993532641
998958869087
998958869121
998958869339
998952708785
998953580628
998953582806
998952090942
998952096743
998952099219
998951775096
998951775352
998990288085
998991047051
998991056736
998991021883
998880972480
998884996209
998887842613
998951318681
998951318751
998951319226
998990362541
998990426081
998990461844
998950243786
998951033424
998954231503
998992823719
998992823930
998992824465
998505855897
998504664865
998505458088
998978869692
998970590508
998970572515
998950198204
998956378665
998957266617
998908261196
998995368046
998995368817
998959799713
998990363828
998990367201
998956410733
998959950752
998959951087
998501140588
998505845898
998506633225
998952778082
998995998246
998995998672
998500489244
998509855767
998930223728
998953573739
998951706831
998958748763
584122668226
584121660772
584126259658
67074238962
67073311473
67074600514